   1  0.0000   0.0000E+00
   2  0.0020   0.0000E+00
   3  0.0030   0.3650E-20
   4  0.0040   0.4758E-20
   5  0.0050   0.5788E-20
   6  0.0060   0.6831E-20
   7  0.0070   0.7923E-20
   8  0.0080   0.9071E-20
   9  0.0090   0.1027E-19
  10  0.0100   0.1149E-19
  11  0.0110   0.1272E-19
  12  0.0120   0.1395E-19
  13  0.0130   0.1517E-19
  14  0.0140   0.1638E-19
  15  0.0150   0.1757E-19
  16  0.0160   0.1876E-19
  17  0.0170   0.1994E-19
  18  0.0180   0.2113E-19
  19  0.0190   0.2232E-19
  20  0.0200   0.2353E-19
  21  0.0210   0.2474E-19
  22  0.0220   0.2596E-19
  23  0.0230   0.2719E-19
  24  0.0240   0.2842E-19
  25  0.0250   0.2966E-19
  26  0.0260   0.3090E-19
  27  0.0270   0.3213E-19
  28  0.0280   0.3337E-19
  29  0.0290   0.3461E-19
  30  0.0300   0.3585E-19
  31  0.0310   0.3709E-19
  32  0.0320   0.3833E-19
  33  0.0330   0.3957E-19
  34  0.0340   0.4081E-19
  35  0.0350   0.4206E-19
  36  0.0360   0.4331E-19
  37  0.0370   0.4456E-19
  38  0.0380   0.4582E-19
  39  0.0390   0.4708E-19
  40  0.0400   0.4835E-19
  41  0.0410   0.4962E-19
  42  0.0420   0.5089E-19
  43  0.0430   0.5217E-19
  44  0.0440   0.5345E-19
  45  0.0450   0.5473E-19
  46  0.0460   0.5601E-19
  47  0.0470   0.5730E-19
  48  0.0480   0.5858E-19
  49  0.0490   0.5987E-19
  50  0.0500   0.6116E-19
  51  0.0510   0.6245E-19
  52  0.0520   0.6374E-19
  53  0.0530   0.6503E-19
  54  0.0540   0.6633E-19
  55  0.0550   0.6763E-19
  56  0.0560   0.6893E-19
  57  0.0570   0.7023E-19
  58  0.0580   0.7154E-19
  59  0.0590   0.7286E-19
  60  0.0600   0.7417E-19
  61  0.0610   0.7549E-19
  62  0.0620   0.7681E-19
  63  0.0630   0.7814E-19
  64  0.0640   0.7946E-19
  65  0.0650   0.8079E-19
  66  0.0660   0.8212E-19
  67  0.0670   0.8345E-19
  68  0.0680   0.8479E-19
  69  0.0690   0.8612E-19
  70  0.0700   0.8746E-19
  71  0.0710   0.8880E-19
  72  0.0720   0.9014E-19
  73  0.0730   0.9149E-19
  74  0.0740   0.9283E-19
  75  0.0750   0.9418E-19
  76  0.0760   0.9553E-19
  77  0.0770   0.9688E-19
  78  0.0780   0.9824E-19
  79  0.0790   0.9960E-19
  80  0.0800   0.1010E-18
  81  0.0810   0.1023E-18
  82  0.0820   0.1037E-18
  83  0.0830   0.1051E-18
  84  0.0840   0.1064E-18
  85  0.0850   0.1078E-18
  86  0.0860   0.1092E-18
  87  0.0870   0.1106E-18
  88  0.0880   0.1119E-18
  89  0.0890   0.1133E-18
  90  0.0900   0.1147E-18
  91  0.0910   0.1161E-18
  92  0.0920   0.1175E-18
  93  0.0930   0.1189E-18
  94  0.0940   0.1203E-18
  95  0.0950   0.1217E-18
  96  0.0960   0.1231E-18
  97  0.0970   0.1245E-18
  98  0.0980   0.1259E-18
  99  0.0990   0.1273E-18
 100  0.1000   0.1287E-18
 101  0.1010   0.1301E-18
 102  0.1020   0.1315E-18
 103  0.1030   0.1329E-18
 104  0.1040   0.1343E-18
 105  0.1050   0.1357E-18
 106  0.1060   0.1371E-18
 107  0.1070   0.1386E-18
 108  0.1080   0.1400E-18
 109  0.1090   0.1414E-18
 110  0.1100   0.1428E-18
 111  0.1110   0.1443E-18
 112  0.1120   0.1457E-18
 113  0.1130   0.1471E-18
 114  0.1140   0.1486E-18
 115  0.1150   0.1500E-18
 116  0.1160   0.1514E-18
 117  0.1170   0.1529E-18
 118  0.1180   0.1543E-18
 119  0.1190   0.1558E-18
 120  0.1200   0.1572E-18
 121  0.1210   0.1587E-18
 122  0.1220   0.1601E-18
 123  0.1230   0.1616E-18
 124  0.1240   0.1630E-18
 125  0.1250   0.1645E-18
 126  0.1260   0.1659E-18
 127  0.1270   0.1674E-18
 128  0.1280   0.1689E-18
 129  0.1290   0.1703E-18
 130  0.1300   0.1718E-18
 131  0.1310   0.1732E-18
 132  0.1320   0.1747E-18
 133  0.1330   0.1762E-18
 134  0.1340   0.1777E-18
 135  0.1350   0.1791E-18
 136  0.1360   0.1806E-18
 137  0.1370   0.1821E-18
 138  0.1380   0.1836E-18
 139  0.1390   0.1850E-18
 140  0.1400   0.1865E-18
 141  0.1410   0.1880E-18
 142  0.1420   0.1895E-18
 143  0.1430   0.1910E-18
 144  0.1440   0.1925E-18
 145  0.1450   0.1940E-18
 146  0.1460   0.1955E-18
 147  0.1470   0.1970E-18
 148  0.1480   0.1985E-18
 149  0.1490   0.1999E-18
 150  0.1500   0.2014E-18
 151  0.1510   0.2029E-18
 152  0.1520   0.2044E-18
 153  0.1530   0.2060E-18
 154  0.1540   0.2075E-18
 155  0.1550   0.2090E-18
 156  0.1560   0.2105E-18
 157  0.1570   0.2120E-18
 158  0.1580   0.2135E-18
 159  0.1590   0.2150E-18
 160  0.1600   0.2165E-18
 161  0.1610   0.2180E-18
 162  0.1620   0.2195E-18
 163  0.1630   0.2211E-18
 164  0.1640   0.2226E-18
 165  0.1650   0.2241E-18
 166  0.1660   0.2256E-18
 167  0.1670   0.2272E-18
 168  0.1680   0.2287E-18
 169  0.1690   0.2302E-18
 170  0.1700   0.2317E-18
 171  0.1710   0.2333E-18
 172  0.1720   0.2348E-18
 173  0.1730   0.2363E-18
 174  0.1740   0.2379E-18
 175  0.1750   0.2394E-18
 176  0.1760   0.2409E-18
 177  0.1770   0.2425E-18
 178  0.1780   0.2440E-18
 179  0.1790   0.2455E-18
 180  0.1800   0.2471E-18
 181  0.1810   0.2486E-18
 182  0.1820   0.2502E-18
 183  0.1830   0.2517E-18
 184  0.1840   0.2532E-18
 185  0.1850   0.2548E-18
 186  0.1860   0.2563E-18
 187  0.1870   0.2579E-18
 188  0.1880   0.2594E-18
 189  0.1890   0.2610E-18
 190  0.1900   0.2625E-18
 191  0.1910   0.2641E-18
 192  0.1920   0.2656E-18
 193  0.1930   0.2672E-18
 194  0.1940   0.2687E-18
 195  0.1950   0.2703E-18
 196  0.1960   0.2719E-18
 197  0.1970   0.2734E-18
 198  0.1980   0.2750E-18
 199  0.1990   0.2765E-18
 200  0.2000   0.2781E-18
 201  0.2010   0.2797E-18
 202  0.2020   0.2812E-18
 203  0.2030   0.2828E-18
 204  0.2040   0.2844E-18
 205  0.2050   0.2859E-18
 206  0.2060   0.2875E-18
 207  0.2070   0.2891E-18
 208  0.2080   0.2906E-18
 209  0.2090   0.2922E-18
 210  0.2100   0.2938E-18
 211  0.2110   0.2953E-18
 212  0.2120   0.2969E-18
 213  0.2130   0.2985E-18
 214  0.2140   0.3000E-18
 215  0.2150   0.3016E-18
 216  0.2160   0.3032E-18
 217  0.2170   0.3048E-18
 218  0.2180   0.3063E-18
 219  0.2190   0.3079E-18
 220  0.2200   0.3095E-18
 221  0.2210   0.3111E-18
 222  0.2220   0.3126E-18
 223  0.2230   0.3142E-18
 224  0.2240   0.3158E-18
 225  0.2250   0.3174E-18
 226  0.2260   0.3189E-18
 227  0.2270   0.3205E-18
 228  0.2280   0.3221E-18
 229  0.2290   0.3237E-18
 230  0.2300   0.3253E-18
 231  0.2310   0.3269E-18
 232  0.2320   0.3284E-18
 233  0.2330   0.3300E-18
 234  0.2340   0.3316E-18
 235  0.2350   0.3332E-18
 236  0.2360   0.3348E-18
 237  0.2370   0.3364E-18
 238  0.2380   0.3379E-18
 239  0.2390   0.3395E-18
 240  0.2400   0.3411E-18
 241  0.2410   0.3427E-18
 242  0.2420   0.3443E-18
 243  0.2430   0.3459E-18
 244  0.2440   0.3475E-18
 245  0.2450   0.3490E-18
 246  0.2460   0.3506E-18
 247  0.2470   0.3522E-18
 248  0.2480   0.3538E-18
 249  0.2490   0.3554E-18
 250  0.2500   0.3570E-18
 251  0.2510   0.3586E-18
 252  0.2520   0.3602E-18
 253  0.2530   0.3617E-18
 254  0.2540   0.3633E-18
 255  0.2550   0.3649E-18
 256  0.2560   0.3665E-18
 257  0.2570   0.3681E-18
 258  0.2580   0.3697E-18
 259  0.2590   0.3713E-18
 260  0.2600   0.3729E-18
 261  0.2610   0.3745E-18
 262  0.2620   0.3760E-18
 263  0.2630   0.3776E-18
 264  0.2640   0.3792E-18
 265  0.2650   0.3808E-18
 266  0.2660   0.3824E-18
 267  0.2670   0.3840E-18
 268  0.2680   0.3856E-18
 269  0.2690   0.3872E-18
 270  0.2700   0.3888E-18
 271  0.2710   0.3903E-18
 272  0.2720   0.3919E-18
 273  0.2730   0.3935E-18
 274  0.2740   0.3951E-18
 275  0.2750   0.3967E-18
 276  0.2760   0.3983E-18
 277  0.2770   0.3999E-18
 278  0.2780   0.4015E-18
 279  0.2790   0.4031E-18
 280  0.2800   0.4046E-18
 281  0.2810   0.4062E-18
 282  0.2820   0.4078E-18
 283  0.2830   0.4094E-18
 284  0.2840   0.4110E-18
 285  0.2850   0.4126E-18
 286  0.2860   0.4142E-18
 287  0.2870   0.4157E-18
 288  0.2880   0.4173E-18
 289  0.2890   0.4189E-18
 290  0.2900   0.4205E-18
 291  0.2910   0.4221E-18
 292  0.2920   0.4237E-18
 293  0.2930   0.4252E-18
 294  0.2940   0.4268E-18
 295  0.2950   0.4284E-18
 296  0.2960   0.4300E-18
 297  0.2970   0.4316E-18
 298  0.2980   0.4332E-18
 299  0.2990   0.4347E-18
 300  0.3000   0.4363E-18
 301  0.3010   0.4379E-18
 302  0.3020   0.4395E-18
 303  0.3030   0.4411E-18
 304  0.3040   0.4426E-18
 305  0.3050   0.4442E-18
 306  0.3060   0.4458E-18
 307  0.3070   0.4474E-18
 308  0.3080   0.4489E-18
 309  0.3090   0.4505E-18
 310  0.3100   0.4521E-18
 311  0.3110   0.4537E-18
 312  0.3120   0.4552E-18
 313  0.3130   0.4568E-18
 314  0.3140   0.4584E-18
 315  0.3150   0.4599E-18
 316  0.3160   0.4615E-18
 317  0.3170   0.4631E-18
 318  0.3180   0.4646E-18
 319  0.3190   0.4662E-18
 320  0.3200   0.4678E-18
 321  0.3210   0.4693E-18
 322  0.3220   0.4709E-18
 323  0.3230   0.4725E-18
 324  0.3240   0.4740E-18
 325  0.3250   0.4756E-18
 326  0.3260   0.4772E-18
 327  0.3270   0.4787E-18
 328  0.3280   0.4803E-18
 329  0.3290   0.4818E-18
 330  0.3300   0.4834E-18
 331  0.3310   0.4850E-18
 332  0.3320   0.4865E-18
 333  0.3330   0.4881E-18
 334  0.3340   0.4896E-18
 335  0.3350   0.4912E-18
 336  0.3360   0.4927E-18
 337  0.3370   0.4943E-18
 338  0.3380   0.4958E-18
 339  0.3390   0.4974E-18
 340  0.3400   0.4989E-18
 341  0.3410   0.5005E-18
 342  0.3420   0.5020E-18
 343  0.3430   0.5036E-18
 344  0.3440   0.5051E-18
 345  0.3450   0.5066E-18
 346  0.3460   0.5082E-18
 347  0.3470   0.5097E-18
 348  0.3480   0.5113E-18
 349  0.3490   0.5128E-18
 350  0.3500   0.5143E-18
 351  0.3510   0.5159E-18
 352  0.3520   0.5174E-18
 353  0.3530   0.5189E-18
 354  0.3540   0.5205E-18
 355  0.3550   0.5220E-18
 356  0.3560   0.5235E-18
 357  0.3570   0.5251E-18
 358  0.3580   0.5266E-18
 359  0.3590   0.5281E-18
 360  0.3600   0.5296E-18
 361  0.3610   0.5312E-18
 362  0.3620   0.5327E-18
 363  0.3630   0.5342E-18
 364  0.3640   0.5357E-18
 365  0.3650   0.5372E-18
 366  0.3660   0.5387E-18
 367  0.3670   0.5403E-18
 368  0.3680   0.5418E-18
 369  0.3690   0.5433E-18
 370  0.3700   0.5448E-18
 371  0.3710   0.5463E-18
 372  0.3720   0.5478E-18
 373  0.3730   0.5493E-18
 374  0.3740   0.5508E-18
 375  0.3750   0.5523E-18
 376  0.3760   0.5538E-18
 377  0.3770   0.5553E-18
 378  0.3780   0.5568E-18
 379  0.3790   0.5583E-18
 380  0.3800   0.5598E-18
 381  0.3810   0.5613E-18
 382  0.3820   0.5628E-18
 383  0.3830   0.5643E-18
 384  0.3840   0.5658E-18
 385  0.3850   0.5673E-18
 386  0.3860   0.5687E-18
 387  0.3870   0.5702E-18
 388  0.3880   0.5717E-18
 389  0.3890   0.5732E-18
 390  0.3900   0.5747E-18
 391  0.3910   0.5761E-18
 392  0.3920   0.5776E-18
 393  0.3930   0.5791E-18
 394  0.3940   0.5805E-18
 395  0.3950   0.5820E-18
 396  0.3960   0.5835E-18
 397  0.3970   0.5850E-18
 398  0.3980   0.5864E-18
 399  0.3990   0.5879E-18
 400  0.4000   0.5893E-18
 401  0.4010   0.5908E-18
 402  0.4020   0.5922E-18
 403  0.4030   0.5937E-18
 404  0.4040   0.5952E-18
 405  0.4050   0.5966E-18
 406  0.4060   0.5981E-18
 407  0.4070   0.5995E-18
 408  0.4080   0.6009E-18
 409  0.4090   0.6024E-18
 410  0.4100   0.6038E-18
 411  0.4110   0.6053E-18
 412  0.4120   0.6067E-18
 413  0.4130   0.6081E-18
 414  0.4140   0.6096E-18
 415  0.4150   0.6110E-18
 416  0.4160   0.6124E-18
 417  0.4170   0.6139E-18
 418  0.4180   0.6153E-18
 419  0.4190   0.6167E-18
 420  0.4200   0.6181E-18
 421  0.4210   0.6195E-18
 422  0.4220   0.6210E-18
 423  0.4230   0.6224E-18
 424  0.4240   0.6238E-18
 425  0.4250   0.6252E-18
 426  0.4260   0.6266E-18
 427  0.4270   0.6280E-18
 428  0.4280   0.6294E-18
 429  0.4290   0.6308E-18
 430  0.4300   0.6322E-18
 431  0.4310   0.6336E-18
 432  0.4320   0.6350E-18
 433  0.4330   0.6364E-18
 434  0.4340   0.6378E-18
 435  0.4350   0.6392E-18
 436  0.4360   0.6405E-18
 437  0.4370   0.6419E-18
 438  0.4380   0.6433E-18
 439  0.4390   0.6447E-18
 440  0.4400   0.6461E-18
 441  0.4410   0.6474E-18
 442  0.4420   0.6488E-18
 443  0.4430   0.6502E-18
 444  0.4440   0.6515E-18
 445  0.4450   0.6529E-18
 446  0.4460   0.6543E-18
 447  0.4470   0.6556E-18
 448  0.4480   0.6570E-18
 449  0.4490   0.6583E-18
 450  0.4500   0.6597E-18
 451  0.4510   0.6610E-18
 452  0.4520   0.6624E-18
 453  0.4530   0.6637E-18
 454  0.4540   0.6651E-18
 455  0.4550   0.6664E-18
 456  0.4560   0.6678E-18
 457  0.4570   0.6691E-18
 458  0.4580   0.6704E-18
 459  0.4590   0.6718E-18
 460  0.4600   0.6731E-18
 461  0.4610   0.6744E-18
 462  0.4620   0.6757E-18
 463  0.4630   0.6770E-18
 464  0.4640   0.6784E-18
 465  0.4650   0.6797E-18
 466  0.4660   0.6810E-18
 467  0.4670   0.6823E-18
 468  0.4680   0.6836E-18
 469  0.4690   0.6849E-18
 470  0.4700   0.6862E-18
 471  0.4710   0.6875E-18
 472  0.4720   0.6888E-18
 473  0.4730   0.6901E-18
 474  0.4740   0.6914E-18
 475  0.4750   0.6927E-18
 476  0.4760   0.6940E-18
 477  0.4770   0.6952E-18
 478  0.4780   0.6965E-18
 479  0.4790   0.6978E-18
 480  0.4800   0.6991E-18
 481  0.4810   0.7003E-18
 482  0.4820   0.7016E-18
 483  0.4830   0.7029E-18
 484  0.4840   0.7041E-18
 485  0.4850   0.7054E-18
 486  0.4860   0.7067E-18
 487  0.4870   0.7079E-18
 488  0.4880   0.7092E-18
 489  0.4890   0.7104E-18
 490  0.4900   0.7117E-18
 491  0.4910   0.7129E-18
 492  0.4920   0.7141E-18
 493  0.4930   0.7154E-18
 494  0.4940   0.7166E-18
 495  0.4950   0.7178E-18
 496  0.4960   0.7191E-18
 497  0.4970   0.7203E-18
 498  0.4980   0.7215E-18
 499  0.4990   0.7227E-18
 500  0.5000   0.7240E-18
 501  0.5010   0.7252E-18
 502  0.5020   0.7264E-18
 503  0.5030   0.7276E-18
 504  0.5040   0.7288E-18
 505  0.5050   0.7300E-18
 506  0.5060   0.7312E-18
 507  0.5070   0.7324E-18
 508  0.5080   0.7336E-18
 509  0.5090   0.7348E-18
 510  0.5100   0.7360E-18
 511  0.5110   0.7372E-18
 512  0.5120   0.7383E-18
 513  0.5130   0.7395E-18
 514  0.5140   0.7407E-18
 515  0.5150   0.7419E-18
 516  0.5160   0.7430E-18
 517  0.5170   0.7442E-18
 518  0.5180   0.7454E-18
 519  0.5190   0.7465E-18
 520  0.5200   0.7477E-18
 521  0.5210   0.7488E-18
 522  0.5220   0.7500E-18
 523  0.5230   0.7511E-18
 524  0.5240   0.7523E-18
 525  0.5250   0.7534E-18
 526  0.5260   0.7545E-18
 527  0.5270   0.7557E-18
 528  0.5280   0.7568E-18
 529  0.5290   0.7579E-18
 530  0.5300   0.7591E-18
 531  0.5310   0.7602E-18
 532  0.5320   0.7613E-18
 533  0.5330   0.7624E-18
 534  0.5340   0.7635E-18
 535  0.5350   0.7646E-18
 536  0.5360   0.7657E-18
 537  0.5370   0.7668E-18
 538  0.5380   0.7679E-18
 539  0.5390   0.7690E-18
 540  0.5400   0.7701E-18
 541  0.5410   0.7712E-18
 542  0.5420   0.7723E-18
 543  0.5430   0.7734E-18
 544  0.5440   0.7745E-18
 545  0.5450   0.7755E-18
 546  0.5460   0.7766E-18
 547  0.5470   0.7777E-18
 548  0.5480   0.7787E-18
 549  0.5490   0.7798E-18
 550  0.5500   0.7809E-18
 551  0.5510   0.7819E-18
 552  0.5520   0.7830E-18
 553  0.5530   0.7840E-18
 554  0.5540   0.7851E-18
 555  0.5550   0.7861E-18
 556  0.5560   0.7871E-18
 557  0.5570   0.7882E-18
 558  0.5580   0.7892E-18
 559  0.5590   0.7902E-18
 560  0.5600   0.7913E-18
 561  0.5610   0.7923E-18
 562  0.5620   0.7933E-18
 563  0.5630   0.7943E-18
 564  0.5640   0.7953E-18
 565  0.5650   0.7963E-18
 566  0.5660   0.7973E-18
 567  0.5670   0.7983E-18
 568  0.5680   0.7993E-18
 569  0.5690   0.8003E-18
 570  0.5700   0.8013E-18
 571  0.5710   0.8023E-18
 572  0.5720   0.8033E-18
 573  0.5730   0.8043E-18
 574  0.5740   0.8052E-18
 575  0.5750   0.8062E-18
 576  0.5760   0.8072E-18
 577  0.5770   0.8081E-18
 578  0.5780   0.8091E-18
 579  0.5790   0.8101E-18
 580  0.5800   0.8110E-18
 581  0.5810   0.8120E-18
 582  0.5820   0.8129E-18
 583  0.5830   0.8138E-18
 584  0.5840   0.8148E-18
 585  0.5850   0.8157E-18
 586  0.5860   0.8167E-18
 587  0.5870   0.8176E-18
 588  0.5880   0.8185E-18
 589  0.5890   0.8194E-18
 590  0.5900   0.8203E-18
 591  0.5910   0.8213E-18
 592  0.5920   0.8222E-18
 593  0.5930   0.8231E-18
 594  0.5940   0.8240E-18
 595  0.5950   0.8249E-18
 596  0.5960   0.8258E-18
 597  0.5970   0.8267E-18
 598  0.5980   0.8276E-18
 599  0.5990   0.8284E-18
 600  0.6000   0.8293E-18
 601  0.6010   0.8302E-18
 602  0.6020   0.8311E-18
 603  0.6030   0.8319E-18
 604  0.6040   0.8328E-18
 605  0.6050   0.8337E-18
 606  0.6060   0.8345E-18
 607  0.6070   0.8354E-18
 608  0.6080   0.8362E-18
 609  0.6090   0.8371E-18
 610  0.6100   0.8379E-18
 611  0.6110   0.8388E-18
 612  0.6120   0.8396E-18
 613  0.6130   0.8404E-18
 614  0.6140   0.8413E-18
 615  0.6150   0.8421E-18
 616  0.6160   0.8429E-18
 617  0.6170   0.8437E-18
 618  0.6180   0.8445E-18
 619  0.6190   0.8453E-18
 620  0.6200   0.8461E-18
 621  0.6210   0.8469E-18
 622  0.6220   0.8477E-18
 623  0.6230   0.8485E-18
 624  0.6240   0.8493E-18
 625  0.6250   0.8501E-18
 626  0.6260   0.8509E-18
 627  0.6270   0.8517E-18
 628  0.6280   0.8524E-18
 629  0.6290   0.8532E-18
 630  0.6300   0.8540E-18
 631  0.6310   0.8547E-18
 632  0.6320   0.8555E-18
 633  0.6330   0.8563E-18
 634  0.6340   0.8570E-18
 635  0.6350   0.8578E-18
 636  0.6360   0.8585E-18
 637  0.6370   0.8592E-18
 638  0.6380   0.8600E-18
 639  0.6390   0.8607E-18
 640  0.6400   0.8614E-18
 641  0.6410   0.8622E-18
 642  0.6420   0.8629E-18
 643  0.6430   0.8636E-18
 644  0.6440   0.8643E-18
 645  0.6450   0.8650E-18
 646  0.6460   0.8657E-18
 647  0.6470   0.8664E-18
 648  0.6480   0.8671E-18
 649  0.6490   0.8678E-18
 650  0.6500   0.8685E-18
 651  0.6510   0.8692E-18
 652  0.6520   0.8699E-18
 653  0.6530   0.8705E-18
 654  0.6540   0.8712E-18
 655  0.6550   0.8719E-18
 656  0.6560   0.8725E-18
 657  0.6570   0.8732E-18
 658  0.6580   0.8739E-18
 659  0.6590   0.8745E-18
 660  0.6600   0.8752E-18
 661  0.6610   0.8758E-18
 662  0.6620   0.8764E-18
 663  0.6630   0.8771E-18
 664  0.6640   0.8777E-18
 665  0.6650   0.8783E-18
 666  0.6660   0.8790E-18
 667  0.6670   0.8796E-18
 668  0.6680   0.8802E-18
 669  0.6690   0.8808E-18
 670  0.6700   0.8814E-18
 671  0.6710   0.8820E-18
 672  0.6720   0.8826E-18
 673  0.6730   0.8832E-18
 674  0.6740   0.8838E-18
 675  0.6750   0.8844E-18
 676  0.6760   0.8850E-18
 677  0.6770   0.8856E-18
 678  0.6780   0.8861E-18
 679  0.6790   0.8867E-18
 680  0.6800   0.8873E-18
 681  0.6810   0.8878E-18
 682  0.6820   0.8884E-18
 683  0.6830   0.8890E-18
 684  0.6840   0.8895E-18
 685  0.6850   0.8901E-18
 686  0.6860   0.8906E-18
 687  0.6870   0.8911E-18
 688  0.6880   0.8917E-18
 689  0.6890   0.8922E-18
 690  0.6900   0.8927E-18
 691  0.6910   0.8933E-18
 692  0.6920   0.8938E-18
 693  0.6930   0.8943E-18
 694  0.6940   0.8948E-18
 695  0.6950   0.8953E-18
 696  0.6960   0.8958E-18
 697  0.6970   0.8963E-18
 698  0.6980   0.8968E-18
 699  0.6990   0.8973E-18
 700  0.7000   0.8978E-18
 701  0.7010   0.8983E-18
 702  0.7020   0.8987E-18
 703  0.7030   0.8992E-18
 704  0.7040   0.8997E-18
 705  0.7050   0.9002E-18
 706  0.7060   0.9006E-18
 707  0.7070   0.9011E-18
 708  0.7080   0.9015E-18
 709  0.7090   0.9020E-18
 710  0.7100   0.9024E-18
 711  0.7110   0.9029E-18
 712  0.7120   0.9033E-18
 713  0.7130   0.9037E-18
 714  0.7140   0.9042E-18
 715  0.7150   0.9046E-18
 716  0.7160   0.9050E-18
 717  0.7170   0.9054E-18
 718  0.7180   0.9058E-18
 719  0.7190   0.9062E-18
 720  0.7200   0.9066E-18
 721  0.7210   0.9070E-18
 722  0.7220   0.9074E-18
 723  0.7230   0.9078E-18
 724  0.7240   0.9082E-18
 725  0.7250   0.9086E-18
 726  0.7260   0.9090E-18
 727  0.7270   0.9094E-18
 728  0.7280   0.9097E-18
 729  0.7290   0.9101E-18
 730  0.7300   0.9105E-18
 731  0.7310   0.9108E-18
 732  0.7320   0.9112E-18
 733  0.7330   0.9115E-18
 734  0.7340   0.9119E-18
 735  0.7350   0.9122E-18
 736  0.7360   0.9125E-18
 737  0.7370   0.9129E-18
 738  0.7380   0.9132E-18
 739  0.7390   0.9135E-18
 740  0.7400   0.9139E-18
 741  0.7410   0.9142E-18
 742  0.7420   0.9145E-18
 743  0.7430   0.9148E-18
 744  0.7440   0.9151E-18
 745  0.7450   0.9154E-18
 746  0.7460   0.9157E-18
 747  0.7470   0.9160E-18
 748  0.7480   0.9163E-18
 749  0.7490   0.9166E-18
 750  0.7500   0.9168E-18
 751  0.7510   0.9171E-18
 752  0.7520   0.9174E-18
 753  0.7530   0.9176E-18
 754  0.7540   0.9179E-18
 755  0.7550   0.9182E-18
 756  0.7560   0.9184E-18
 757  0.7570   0.9187E-18
 758  0.7580   0.9189E-18
 759  0.7590   0.9192E-18
 760  0.7600   0.9194E-18
 761  0.7610   0.9196E-18
 762  0.7620   0.9199E-18
 763  0.7630   0.9201E-18
 764  0.7640   0.9203E-18
 765  0.7650   0.9205E-18
 766  0.7660   0.9207E-18
 767  0.7670   0.9209E-18
 768  0.7680   0.9212E-18
 769  0.7690   0.9214E-18
 770  0.7700   0.9216E-18
 771  0.7710   0.9217E-18
 772  0.7720   0.9219E-18
 773  0.7730   0.9221E-18
 774  0.7740   0.9223E-18
 775  0.7750   0.9225E-18
 776  0.7760   0.9226E-18
 777  0.7770   0.9228E-18
 778  0.7780   0.9230E-18
 779  0.7790   0.9231E-18
 780  0.7800   0.9233E-18
 781  0.7810   0.9234E-18
 782  0.7820   0.9236E-18
 783  0.7830   0.9237E-18
 784  0.7840   0.9239E-18
 785  0.7850   0.9240E-18
 786  0.7860   0.9241E-18
 787  0.7870   0.9243E-18
 788  0.7880   0.9244E-18
 789  0.7890   0.9245E-18
 790  0.7900   0.9246E-18
 791  0.7910   0.9247E-18
 792  0.7920   0.9248E-18
 793  0.7930   0.9249E-18
 794  0.7940   0.9250E-18
 795  0.7950   0.9251E-18
 796  0.7960   0.9252E-18
 797  0.7970   0.9253E-18
 798  0.7980   0.9254E-18
 799  0.7990   0.9254E-18
 800  0.8000   0.9255E-18
 801  0.8010   0.9256E-18
 802  0.8020   0.9256E-18
 803  0.8030   0.9257E-18
 804  0.8040   0.9258E-18
 805  0.8050   0.9258E-18
 806  0.8060   0.9259E-18
 807  0.8070   0.9259E-18
 808  0.8080   0.9259E-18
 809  0.8090   0.9260E-18
 810  0.8100   0.9260E-18
 811  0.8110   0.9260E-18
 812  0.8120   0.9261E-18
 813  0.8130   0.9261E-18
 814  0.8140   0.9261E-18
 815  0.8150   0.9261E-18
 816  0.8160   0.9261E-18
 817  0.8170   0.9261E-18
 818  0.8180   0.9261E-18
 819  0.8190   0.9261E-18
 820  0.8200   0.9261E-18
 821  0.8210   0.9261E-18
 822  0.8220   0.9261E-18
 823  0.8230   0.9261E-18
 824  0.8240   0.9260E-18
 825  0.8250   0.9260E-18
 826  0.8260   0.9260E-18
 827  0.8270   0.9259E-18
 828  0.8280   0.9259E-18
 829  0.8290   0.9258E-18
 830  0.8300   0.9258E-18
 831  0.8310   0.9257E-18
 832  0.8320   0.9257E-18
 833  0.8330   0.9256E-18
 834  0.8340   0.9255E-18
 835  0.8350   0.9255E-18
 836  0.8360   0.9254E-18
 837  0.8370   0.9253E-18
 838  0.8380   0.9252E-18
 839  0.8390   0.9252E-18
 840  0.8400   0.9251E-18
 841  0.8410   0.9250E-18
 842  0.8420   0.9249E-18
 843  0.8430   0.9248E-18
 844  0.8440   0.9247E-18
 845  0.8450   0.9246E-18
 846  0.8460   0.9244E-18
 847  0.8470   0.9243E-18
 848  0.8480   0.9242E-18
 849  0.8490   0.9241E-18
 850  0.8500   0.9239E-18
 851  0.8510   0.9238E-18
 852  0.8520   0.9237E-18
 853  0.8530   0.9235E-18
 854  0.8540   0.9234E-18
 855  0.8550   0.9232E-18
 856  0.8560   0.9231E-18
 857  0.8570   0.9229E-18
 858  0.8580   0.9228E-18
 859  0.8590   0.9226E-18
 860  0.8600   0.9224E-18
 861  0.8610   0.9223E-18
 862  0.8620   0.9221E-18
 863  0.8630   0.9219E-18
 864  0.8640   0.9217E-18
 865  0.8650   0.9215E-18
 866  0.8660   0.9213E-18
 867  0.8670   0.9211E-18
 868  0.8680   0.9209E-18
 869  0.8690   0.9207E-18
 870  0.8700   0.9205E-18
 871  0.8710   0.9203E-18
 872  0.8720   0.9201E-18
 873  0.8730   0.9199E-18
 874  0.8740   0.9196E-18
 875  0.8750   0.9194E-18
 876  0.8760   0.9192E-18
 877  0.8770   0.9190E-18
 878  0.8780   0.9187E-18
 879  0.8790   0.9185E-18
 880  0.8800   0.9182E-18
 881  0.8810   0.9180E-18
 882  0.8820   0.9177E-18
 883  0.8830   0.9175E-18
 884  0.8840   0.9172E-18
 885  0.8850   0.9169E-18
 886  0.8860   0.9167E-18
 887  0.8870   0.9164E-18
 888  0.8880   0.9161E-18
 889  0.8890   0.9158E-18
 890  0.8900   0.9155E-18
 891  0.8910   0.9152E-18
 892  0.8920   0.9150E-18
 893  0.8930   0.9147E-18
 894  0.8940   0.9144E-18
 895  0.8950   0.9141E-18
 896  0.8960   0.9137E-18
 897  0.8970   0.9134E-18
 898  0.8980   0.9131E-18
 899  0.8990   0.9128E-18
 900  0.9000   0.9125E-18
 901  0.9010   0.9121E-18
 902  0.9020   0.9118E-18
 903  0.9030   0.9115E-18
 904  0.9040   0.9111E-18
 905  0.9050   0.9108E-18
 906  0.9060   0.9105E-18
 907  0.9070   0.9101E-18
 908  0.9080   0.9098E-18
 909  0.9090   0.9094E-18
 910  0.9100   0.9090E-18
 911  0.9110   0.9087E-18
 912  0.9120   0.9083E-18
 913  0.9130   0.9079E-18
 914  0.9140   0.9076E-18
 915  0.9150   0.9072E-18
 916  0.9160   0.9068E-18
 917  0.9170   0.9064E-18
 918  0.9180   0.9060E-18
 919  0.9190   0.9056E-18
 920  0.9200   0.9052E-18
 921  0.9210   0.9048E-18
 922  0.9220   0.9044E-18
 923  0.9230   0.9040E-18
 924  0.9240   0.9036E-18
 925  0.9250   0.9032E-18
 926  0.9260   0.9028E-18
 927  0.9270   0.9023E-18
 928  0.9280   0.9019E-18
 929  0.9290   0.9015E-18
 930  0.9300   0.9011E-18
 931  0.9310   0.9006E-18
 932  0.9320   0.9002E-18
 933  0.9330   0.8997E-18
 934  0.9340   0.8993E-18
 935  0.9350   0.8988E-18
 936  0.9360   0.8984E-18
 937  0.9370   0.8979E-18
 938  0.9380   0.8975E-18
 939  0.9390   0.8970E-18
 940  0.9400   0.8965E-18
 941  0.9410   0.8960E-18
 942  0.9420   0.8956E-18
 943  0.9430   0.8951E-18
 944  0.9440   0.8946E-18
 945  0.9450   0.8941E-18
 946  0.9460   0.8936E-18
 947  0.9470   0.8931E-18
 948  0.9480   0.8926E-18
 949  0.9490   0.8921E-18
 950  0.9500   0.8916E-18
 951  0.9510   0.8911E-18
 952  0.9520   0.8906E-18
 953  0.9530   0.8901E-18
 954  0.9540   0.8896E-18
 955  0.9550   0.8891E-18
 956  0.9560   0.8885E-18
 957  0.9570   0.8880E-18
 958  0.9580   0.8875E-18
 959  0.9590   0.8869E-18
 960  0.9600   0.8864E-18
 961  0.9610   0.8859E-18
 962  0.9620   0.8853E-18
 963  0.9630   0.8848E-18
 964  0.9640   0.8842E-18
 965  0.9650   0.8837E-18
 966  0.9660   0.8831E-18
 967  0.9670   0.8825E-18
 968  0.9680   0.8820E-18
 969  0.9690   0.8814E-18
 970  0.9700   0.8808E-18
 971  0.9710   0.8803E-18
 972  0.9720   0.8797E-18
 973  0.9730   0.8791E-18
 974  0.9740   0.8785E-18
 975  0.9750   0.8779E-18
 976  0.9760   0.8773E-18
 977  0.9770   0.8767E-18
 978  0.9780   0.8761E-18
 979  0.9790   0.8755E-18
 980  0.9800   0.8749E-18
 981  0.9810   0.8743E-18
 982  0.9820   0.8737E-18
 983  0.9830   0.8731E-18
 984  0.9840   0.8725E-18
 985  0.9850   0.8719E-18
 986  0.9860   0.8712E-18
 987  0.9870   0.8706E-18
 988  0.9880   0.8700E-18
 989  0.9890   0.8694E-18
 990  0.9900   0.8687E-18
 991  0.9910   0.8681E-18
 992  0.9920   0.8674E-18
 993  0.9930   0.8668E-18
 994  0.9940   0.8661E-18
 995  0.9950   0.8655E-18
 996  0.9960   0.8648E-18
 997  0.9970   0.8642E-18
 998  0.9980   0.8635E-18
 999  0.9990   0.8628E-18
1000  1.0000   0.8622E-18
1001  1.0010   0.8615E-18
1002  1.0020   0.8608E-18
1003  1.0030   0.8602E-18
1004  1.0040   0.8595E-18
1005  1.0050   0.8588E-18
1006  1.0060   0.8581E-18
1007  1.0070   0.8574E-18
1008  1.0080   0.8567E-18
1009  1.0090   0.8560E-18
1010  1.0100   0.8553E-18
1011  1.0110   0.8546E-18
1012  1.0120   0.8539E-18
1013  1.0130   0.8532E-18
1014  1.0140   0.8525E-18
1015  1.0150   0.8518E-18
1016  1.0160   0.8511E-18
1017  1.0170   0.8504E-18
1018  1.0180   0.8496E-18
1019  1.0190   0.8489E-18
1020  1.0200   0.8482E-18
1021  1.0210   0.8474E-18
1022  1.0220   0.8467E-18
1023  1.0230   0.8460E-18
1024  1.0240   0.8452E-18
1025  1.0250   0.8445E-18
1026  1.0260   0.8437E-18
1027  1.0270   0.8430E-18
1028  1.0280   0.8422E-18
1029  1.0290   0.8415E-18
1030  1.0300   0.8407E-18
1031  1.0310   0.8400E-18
1032  1.0320   0.8392E-18
1033  1.0330   0.8384E-18
1034  1.0340   0.8377E-18
1035  1.0350   0.8369E-18
1036  1.0360   0.8361E-18
1037  1.0370   0.8353E-18
1038  1.0380   0.8346E-18
1039  1.0390   0.8338E-18
1040  1.0400   0.8330E-18
1041  1.0410   0.8322E-18
1042  1.0420   0.8314E-18
1043  1.0430   0.8306E-18
1044  1.0440   0.8298E-18
1045  1.0450   0.8290E-18
1046  1.0460   0.8282E-18
1047  1.0470   0.8274E-18
1048  1.0480   0.8266E-18
1049  1.0490   0.8258E-18
1050  1.0500   0.8250E-18
1051  1.0510   0.8242E-18
1052  1.0520   0.8234E-18
1053  1.0530   0.8225E-18
1054  1.0540   0.8217E-18
1055  1.0550   0.8209E-18
1056  1.0560   0.8201E-18
1057  1.0570   0.8192E-18
1058  1.0580   0.8184E-18
1059  1.0590   0.8175E-18
1060  1.0600   0.8167E-18
1061  1.0610   0.8159E-18
1062  1.0620   0.8150E-18
1063  1.0630   0.8142E-18
1064  1.0640   0.8133E-18
1065  1.0650   0.8125E-18
1066  1.0660   0.8116E-18
1067  1.0670   0.8108E-18
1068  1.0680   0.8099E-18
1069  1.0690   0.8090E-18
1070  1.0700   0.8082E-18
1071  1.0710   0.8073E-18
1072  1.0720   0.8064E-18
1073  1.0730   0.8056E-18
1074  1.0740   0.8047E-18
1075  1.0750   0.8038E-18
1076  1.0760   0.8029E-18
1077  1.0770   0.8020E-18
1078  1.0780   0.8012E-18
1079  1.0790   0.8003E-18
1080  1.0800   0.7994E-18
1081  1.0810   0.7985E-18
1082  1.0820   0.7976E-18
1083  1.0830   0.7967E-18
1084  1.0840   0.7958E-18
1085  1.0850   0.7949E-18
1086  1.0860   0.7940E-18
1087  1.0870   0.7931E-18
1088  1.0880   0.7922E-18
1089  1.0890   0.7913E-18
1090  1.0900   0.7904E-18
1091  1.0910   0.7894E-18
1092  1.0920   0.7885E-18
1093  1.0930   0.7876E-18
1094  1.0940   0.7867E-18
1095  1.0950   0.7858E-18
1096  1.0960   0.7848E-18
1097  1.0970   0.7839E-18
1098  1.0980   0.7830E-18
1099  1.0990   0.7820E-18
1100  1.1000   0.7811E-18
1101  1.1010   0.7802E-18
1102  1.1020   0.7792E-18
1103  1.1030   0.7783E-18
1104  1.1040   0.7773E-18
1105  1.1050   0.7764E-18
1106  1.1060   0.7754E-18
1107  1.1070   0.7745E-18
1108  1.1080   0.7735E-18
1109  1.1090   0.7726E-18
1110  1.1100   0.7716E-18
1111  1.1110   0.7707E-18
1112  1.1120   0.7697E-18
1113  1.1130   0.7687E-18
1114  1.1140   0.7678E-18
1115  1.1150   0.7668E-18
1116  1.1160   0.7658E-18
1117  1.1170   0.7648E-18
1118  1.1180   0.7639E-18
1119  1.1190   0.7629E-18
1120  1.1200   0.7619E-18
1121  1.1210   0.7609E-18
1122  1.1220   0.7599E-18
1123  1.1230   0.7590E-18
1124  1.1240   0.7580E-18
1125  1.1250   0.7570E-18
1126  1.1260   0.7560E-18
1127  1.1270   0.7550E-18
1128  1.1280   0.7540E-18
1129  1.1290   0.7530E-18
1130  1.1300   0.7520E-18
1131  1.1310   0.7510E-18
1132  1.1320   0.7500E-18
1133  1.1330   0.7490E-18
1134  1.1340   0.7480E-18
1135  1.1350   0.7470E-18
1136  1.1360   0.7460E-18
1137  1.1370   0.7450E-18
1138  1.1380   0.7440E-18
1139  1.1390   0.7429E-18
1140  1.1400   0.7419E-18
1141  1.1410   0.7409E-18
1142  1.1420   0.7399E-18
1143  1.1430   0.7389E-18
1144  1.1440   0.7378E-18
1145  1.1450   0.7368E-18
1146  1.1460   0.7358E-18
1147  1.1470   0.7347E-18
1148  1.1480   0.7337E-18
1149  1.1490   0.7327E-18
1150  1.1500   0.7316E-18
1151  1.1510   0.7306E-18
1152  1.1520   0.7296E-18
1153  1.1530   0.7285E-18
1154  1.1540   0.7275E-18
1155  1.1550   0.7264E-18
1156  1.1560   0.7254E-18
1157  1.1570   0.7243E-18
1158  1.1580   0.7233E-18
1159  1.1590   0.7222E-18
1160  1.1600   0.7212E-18
1161  1.1610   0.7201E-18
1162  1.1620   0.7191E-18
1163  1.1630   0.7180E-18
1164  1.1640   0.7169E-18
1165  1.1650   0.7159E-18
1166  1.1660   0.7148E-18
1167  1.1670   0.7138E-18
1168  1.1680   0.7127E-18
1169  1.1690   0.7116E-18
1170  1.1700   0.7106E-18
1171  1.1710   0.7095E-18
1172  1.1720   0.7084E-18
1173  1.1730   0.7073E-18
1174  1.1740   0.7063E-18
1175  1.1750   0.7052E-18
1176  1.1760   0.7041E-18
1177  1.1770   0.7030E-18
1178  1.1780   0.7019E-18
1179  1.1790   0.7009E-18
1180  1.1800   0.6998E-18
1181  1.1810   0.6987E-18
1182  1.1820   0.6976E-18
1183  1.1830   0.6965E-18
1184  1.1840   0.6954E-18
1185  1.1850   0.6943E-18
1186  1.1860   0.6932E-18
1187  1.1870   0.6922E-18
1188  1.1880   0.6911E-18
1189  1.1890   0.6900E-18
1190  1.1900   0.6889E-18
1191  1.1910   0.6878E-18
1192  1.1920   0.6867E-18
1193  1.1930   0.6856E-18
1194  1.1940   0.6845E-18
1195  1.1950   0.6833E-18
1196  1.1960   0.6822E-18
1197  1.1970   0.6811E-18
1198  1.1980   0.6800E-18
1199  1.1990   0.6789E-18
1200  1.2000   0.6778E-18
1201  1.2010   0.6767E-18
1202  1.2020   0.6756E-18
1203  1.2030   0.6745E-18
1204  1.2040   0.6733E-18
1205  1.2050   0.6722E-18
1206  1.2060   0.6711E-18
1207  1.2070   0.6700E-18
1208  1.2080   0.6689E-18
1209  1.2090   0.6677E-18
1210  1.2100   0.6666E-18
1211  1.2110   0.6655E-18
1212  1.2120   0.6644E-18
1213  1.2130   0.6632E-18
1214  1.2140   0.6621E-18
1215  1.2150   0.6610E-18
1216  1.2160   0.6599E-18
1217  1.2170   0.6587E-18
1218  1.2180   0.6576E-18
1219  1.2190   0.6565E-18
1220  1.2200   0.6553E-18
1221  1.2210   0.6542E-18
1222  1.2220   0.6531E-18
1223  1.2230   0.6519E-18
1224  1.2240   0.6508E-18
1225  1.2250   0.6496E-18
1226  1.2260   0.6485E-18
1227  1.2270   0.6474E-18
1228  1.2280   0.6462E-18
1229  1.2290   0.6451E-18
1230  1.2300   0.6439E-18
1231  1.2310   0.6428E-18
1232  1.2320   0.6416E-18
1233  1.2330   0.6405E-18
1234  1.2340   0.6393E-18
1235  1.2350   0.6382E-18
1236  1.2360   0.6370E-18
1237  1.2370   0.6359E-18
1238  1.2380   0.6347E-18
1239  1.2390   0.6336E-18
1240  1.2400   0.6324E-18
1241  1.2410   0.6313E-18
1242  1.2420   0.6301E-18
1243  1.2430   0.6290E-18
1244  1.2440   0.6278E-18
1245  1.2450   0.6266E-18
1246  1.2460   0.6255E-18
1247  1.2470   0.6243E-18
1248  1.2480   0.6232E-18
1249  1.2490   0.6220E-18
1250  1.2500   0.6208E-18
1251  1.2510   0.6197E-18
1252  1.2520   0.6185E-18
1253  1.2530   0.6174E-18
1254  1.2540   0.6162E-18
1255  1.2550   0.6150E-18
1256  1.2560   0.6139E-18
1257  1.2570   0.6127E-18
1258  1.2580   0.6115E-18
1259  1.2590   0.6104E-18
1260  1.2600   0.6092E-18
1261  1.2610   0.6080E-18
1262  1.2620   0.6068E-18
1263  1.2630   0.6057E-18
1264  1.2640   0.6045E-18
1265  1.2650   0.6033E-18
1266  1.2660   0.6022E-18
1267  1.2670   0.6010E-18
1268  1.2680   0.5998E-18
1269  1.2690   0.5986E-18
1270  1.2700   0.5975E-18
1271  1.2710   0.5963E-18
1272  1.2720   0.5951E-18
1273  1.2730   0.5939E-18
1274  1.2740   0.5928E-18
1275  1.2750   0.5916E-18
1276  1.2760   0.5904E-18
1277  1.2770   0.5892E-18
1278  1.2780   0.5880E-18
1279  1.2790   0.5869E-18
1280  1.2800   0.5857E-18
1281  1.2810   0.5845E-18
1282  1.2820   0.5833E-18
1283  1.2830   0.5821E-18
1284  1.2840   0.5810E-18
1285  1.2850   0.5798E-18
1286  1.2860   0.5786E-18
1287  1.2870   0.5774E-18
1288  1.2880   0.5762E-18
1289  1.2890   0.5750E-18
1290  1.2900   0.5739E-18
1291  1.2910   0.5727E-18
1292  1.2920   0.5715E-18
1293  1.2930   0.5703E-18
1294  1.2940   0.5691E-18
1295  1.2950   0.5679E-18
1296  1.2960   0.5667E-18
1297  1.2970   0.5655E-18
1298  1.2980   0.5644E-18
1299  1.2990   0.5632E-18
1300  1.3000   0.5620E-18
1301  1.3010   0.5608E-18
1302  1.3020   0.5596E-18
1303  1.3030   0.5584E-18
1304  1.3040   0.5572E-18
1305  1.3050   0.5560E-18
1306  1.3060   0.5549E-18
1307  1.3070   0.5537E-18
1308  1.3080   0.5525E-18
1309  1.3090   0.5513E-18
1310  1.3100   0.5501E-18
1311  1.3110   0.5489E-18
1312  1.3120   0.5477E-18
1313  1.3130   0.5465E-18
1314  1.3140   0.5453E-18
1315  1.3150   0.5441E-18
1316  1.3160   0.5430E-18
1317  1.3170   0.5418E-18
1318  1.3180   0.5406E-18
1319  1.3190   0.5394E-18
1320  1.3200   0.5382E-18
1321  1.3210   0.5370E-18
1322  1.3220   0.5358E-18
1323  1.3230   0.5346E-18
1324  1.3240   0.5334E-18
1325  1.3250   0.5322E-18
1326  1.3260   0.5310E-18
1327  1.3270   0.5298E-18
1328  1.3280   0.5287E-18
1329  1.3290   0.5275E-18
1330  1.3300   0.5263E-18
1331  1.3310   0.5251E-18
1332  1.3320   0.5239E-18
1333  1.3330   0.5227E-18
1334  1.3340   0.5215E-18
1335  1.3350   0.5203E-18
1336  1.3360   0.5191E-18
1337  1.3370   0.5179E-18
1338  1.3380   0.5167E-18
1339  1.3390   0.5156E-18
1340  1.3400   0.5144E-18
1341  1.3410   0.5132E-18
1342  1.3420   0.5120E-18
1343  1.3430   0.5108E-18
1344  1.3440   0.5096E-18
1345  1.3450   0.5084E-18
1346  1.3460   0.5072E-18
1347  1.3470   0.5060E-18
1348  1.3480   0.5048E-18
1349  1.3490   0.5036E-18
1350  1.3500   0.5025E-18
1351  1.3510   0.5013E-18
1352  1.3520   0.5001E-18
1353  1.3530   0.4989E-18
1354  1.3540   0.4977E-18
1355  1.3550   0.4965E-18
1356  1.3560   0.4953E-18
1357  1.3570   0.4941E-18
1358  1.3580   0.4929E-18
1359  1.3590   0.4918E-18
1360  1.3600   0.4906E-18
1361  1.3610   0.4894E-18
1362  1.3620   0.4882E-18
1363  1.3630   0.4870E-18
1364  1.3640   0.4858E-18
1365  1.3650   0.4846E-18
1366  1.3660   0.4835E-18
1367  1.3670   0.4823E-18
1368  1.3680   0.4811E-18
1369  1.3690   0.4799E-18
1370  1.3700   0.4787E-18
1371  1.3710   0.4775E-18
1372  1.3720   0.4763E-18
1373  1.3730   0.4752E-18
1374  1.3740   0.4740E-18
1375  1.3750   0.4728E-18
1376  1.3760   0.4716E-18
1377  1.3770   0.4704E-18
1378  1.3780   0.4693E-18
1379  1.3790   0.4681E-18
1380  1.3800   0.4669E-18
1381  1.3810   0.4657E-18
1382  1.3820   0.4645E-18
1383  1.3830   0.4634E-18
1384  1.3840   0.4622E-18
1385  1.3850   0.4610E-18
1386  1.3860   0.4598E-18
1387  1.3870   0.4587E-18
1388  1.3880   0.4575E-18
1389  1.3890   0.4563E-18
1390  1.3900   0.4551E-18
1391  1.3910   0.4539E-18
1392  1.3920   0.4528E-18
1393  1.3930   0.4516E-18
1394  1.3940   0.4504E-18
1395  1.3950   0.4493E-18
1396  1.3960   0.4481E-18
1397  1.3970   0.4469E-18
1398  1.3980   0.4457E-18
1399  1.3990   0.4446E-18
1400  1.4000   0.4434E-18
1401  1.4010   0.4422E-18
1402  1.4020   0.4411E-18
1403  1.4030   0.4399E-18
1404  1.4040   0.4387E-18
1405  1.4050   0.4376E-18
1406  1.4060   0.4364E-18
1407  1.4070   0.4352E-18
1408  1.4080   0.4341E-18
1409  1.4090   0.4329E-18
1410  1.4100   0.4317E-18
1411  1.4110   0.4306E-18
1412  1.4120   0.4294E-18
1413  1.4130   0.4283E-18
1414  1.4140   0.4271E-18
1415  1.4150   0.4259E-18
1416  1.4160   0.4248E-18
1417  1.4170   0.4236E-18
1418  1.4180   0.4225E-18
1419  1.4190   0.4213E-18
1420  1.4200   0.4202E-18
1421  1.4210   0.4190E-18
1422  1.4220   0.4179E-18
1423  1.4230   0.4167E-18
1424  1.4240   0.4155E-18
1425  1.4250   0.4144E-18
1426  1.4260   0.4132E-18
1427  1.4270   0.4121E-18
1428  1.4280   0.4109E-18
1429  1.4290   0.4098E-18
1430  1.4300   0.4086E-18
1431  1.4310   0.4075E-18
1432  1.4320   0.4064E-18
1433  1.4330   0.4052E-18
1434  1.4340   0.4041E-18
1435  1.4350   0.4029E-18
1436  1.4360   0.4018E-18
1437  1.4370   0.4006E-18
1438  1.4380   0.3995E-18
1439  1.4390   0.3984E-18
1440  1.4400   0.3972E-18
1441  1.4410   0.3961E-18
1442  1.4420   0.3950E-18
1443  1.4430   0.3938E-18
1444  1.4440   0.3927E-18
1445  1.4450   0.3915E-18
1446  1.4460   0.3904E-18
1447  1.4470   0.3893E-18
1448  1.4480   0.3882E-18
1449  1.4490   0.3870E-18
1450  1.4500   0.3859E-18
1451  1.4510   0.3848E-18
1452  1.4520   0.3836E-18
1453  1.4530   0.3825E-18
1454  1.4540   0.3814E-18
1455  1.4550   0.3803E-18
1456  1.4560   0.3791E-18
1457  1.4570   0.3780E-18
1458  1.4580   0.3769E-18
1459  1.4590   0.3758E-18
1460  1.4600   0.3747E-18
1461  1.4610   0.3735E-18
1462  1.4620   0.3724E-18
1463  1.4630   0.3713E-18
1464  1.4640   0.3702E-18
1465  1.4650   0.3691E-18
1466  1.4660   0.3680E-18
1467  1.4670   0.3669E-18
1468  1.4680   0.3658E-18
1469  1.4690   0.3646E-18
1470  1.4700   0.3635E-18
1471  1.4710   0.3624E-18
1472  1.4720   0.3613E-18
1473  1.4730   0.3602E-18
1474  1.4740   0.3591E-18
1475  1.4750   0.3580E-18
1476  1.4760   0.3569E-18
1477  1.4770   0.3558E-18
1478  1.4780   0.3547E-18
1479  1.4790   0.3536E-18
1480  1.4800   0.3525E-18
1481  1.4810   0.3514E-18
1482  1.4820   0.3503E-18
1483  1.4830   0.3493E-18
1484  1.4840   0.3482E-18
1485  1.4850   0.3471E-18
1486  1.4860   0.3460E-18
1487  1.4870   0.3449E-18
1488  1.4880   0.3438E-18
1489  1.4890   0.3427E-18
1490  1.4900   0.3416E-18
1491  1.4910   0.3406E-18
1492  1.4920   0.3395E-18
1493  1.4930   0.3384E-18
1494  1.4940   0.3373E-18
1495  1.4950   0.3362E-18
1496  1.4960   0.3352E-18
1497  1.4970   0.3341E-18
1498  1.4980   0.3330E-18
1499  1.4990   0.3320E-18
1500  1.5000   0.3309E-18
1501  1.5010   0.3298E-18
1502  1.5020   0.3287E-18
1503  1.5030   0.3277E-18
1504  1.5040   0.3266E-18
1505  1.5050   0.3256E-18
1506  1.5060   0.3245E-18
1507  1.5070   0.3234E-18
1508  1.5080   0.3224E-18
1509  1.5090   0.3213E-18
1510  1.5100   0.3203E-18
1511  1.5110   0.3192E-18
1512  1.5120   0.3181E-18
1513  1.5130   0.3171E-18
1514  1.5140   0.3160E-18
1515  1.5150   0.3150E-18
1516  1.5160   0.3139E-18
1517  1.5170   0.3129E-18
1518  1.5180   0.3119E-18
1519  1.5190   0.3108E-18
1520  1.5200   0.3098E-18
1521  1.5210   0.3087E-18
1522  1.5220   0.3077E-18
1523  1.5230   0.3067E-18
1524  1.5240   0.3056E-18
1525  1.5250   0.3046E-18
1526  1.5260   0.3035E-18
1527  1.5270   0.3025E-18
1528  1.5280   0.3015E-18
1529  1.5290   0.3005E-18
1530  1.5300   0.2994E-18
1531  1.5310   0.2984E-18
1532  1.5320   0.2974E-18
1533  1.5330   0.2964E-18
1534  1.5340   0.2953E-18
1535  1.5350   0.2943E-18
1536  1.5360   0.2933E-18
1537  1.5370   0.2923E-18
1538  1.5380   0.2913E-18
1539  1.5390   0.2902E-18
1540  1.5400   0.2892E-18
1541  1.5410   0.2882E-18
1542  1.5420   0.2872E-18
1543  1.5430   0.2862E-18
1544  1.5440   0.2852E-18
1545  1.5450   0.2842E-18
1546  1.5460   0.2832E-18
1547  1.5470   0.2822E-18
1548  1.5480   0.2812E-18
1549  1.5490   0.2802E-18
1550  1.5500   0.2792E-18
1551  1.5510   0.2782E-18
1552  1.5520   0.2772E-18
1553  1.5530   0.2762E-18
1554  1.5540   0.2752E-18
1555  1.5550   0.2742E-18
1556  1.5560   0.2732E-18
1557  1.5570   0.2723E-18
1558  1.5580   0.2713E-18
1559  1.5590   0.2703E-18
1560  1.5600   0.2693E-18
1561  1.5610   0.2683E-18
1562  1.5620   0.2674E-18
1563  1.5630   0.2664E-18
1564  1.5640   0.2654E-18
1565  1.5650   0.2644E-18
1566  1.5660   0.2635E-18
1567  1.5670   0.2625E-18
1568  1.5680   0.2615E-18
1569  1.5690   0.2606E-18
1570  1.5700   0.2596E-18
1571  1.5710   0.2586E-18
1572  1.5720   0.2577E-18
1573  1.5730   0.2567E-18
1574  1.5740   0.2558E-18
1575  1.5750   0.2548E-18
1576  1.5760   0.2539E-18
1577  1.5770   0.2529E-18
1578  1.5780   0.2520E-18
1579  1.5790   0.2510E-18
1580  1.5800   0.2501E-18
1581  1.5810   0.2491E-18
1582  1.5820   0.2482E-18
1583  1.5830   0.2472E-18
1584  1.5840   0.2463E-18
1585  1.5850   0.2454E-18
1586  1.5860   0.2444E-18
1587  1.5870   0.2435E-18
1588  1.5880   0.2426E-18
1589  1.5890   0.2416E-18
1590  1.5900   0.2407E-18
1591  1.5910   0.2398E-18
1592  1.5920   0.2388E-18
1593  1.5930   0.2379E-18
1594  1.5940   0.2370E-18
1595  1.5950   0.2361E-18
1596  1.5960   0.2352E-18
1597  1.5970   0.2342E-18
1598  1.5980   0.2333E-18
1599  1.5990   0.2324E-18
1600  1.6000   0.2315E-18
1601  1.6010   0.2306E-18
1602  1.6020   0.2297E-18
1603  1.6030   0.2288E-18
1604  1.6040   0.2279E-18
1605  1.6050   0.2270E-18
1606  1.6060   0.2261E-18
1607  1.6070   0.2252E-18
1608  1.6080   0.2243E-18
1609  1.6090   0.2234E-18
1610  1.6100   0.2225E-18
1611  1.6110   0.2216E-18
1612  1.6120   0.2207E-18
1613  1.6130   0.2198E-18
1614  1.6140   0.2189E-18
1615  1.6150   0.2180E-18
1616  1.6160   0.2172E-18
1617  1.6170   0.2163E-18
1618  1.6180   0.2154E-18
1619  1.6190   0.2145E-18
1620  1.6200   0.2137E-18
1621  1.6210   0.2128E-18
1622  1.6220   0.2119E-18
1623  1.6230   0.2110E-18
1624  1.6240   0.2102E-18
1625  1.6250   0.2093E-18
1626  1.6260   0.2084E-18
1627  1.6270   0.2076E-18
1628  1.6280   0.2067E-18
1629  1.6290   0.2059E-18
1630  1.6300   0.2050E-18
1631  1.6310   0.2042E-18
1632  1.6320   0.2033E-18
1633  1.6330   0.2025E-18
1634  1.6340   0.2016E-18
1635  1.6350   0.2008E-18
1636  1.6360   0.1999E-18
1637  1.6370   0.1991E-18
1638  1.6380   0.1982E-18
1639  1.6390   0.1974E-18
1640  1.6400   0.1966E-18
1641  1.6410   0.1957E-18
1642  1.6420   0.1949E-18
1643  1.6430   0.1941E-18
1644  1.6440   0.1932E-18
1645  1.6450   0.1924E-18
1646  1.6460   0.1916E-18
1647  1.6470   0.1908E-18
1648  1.6480   0.1899E-18
1649  1.6490   0.1891E-18
1650  1.6500   0.1883E-18
1651  1.6510   0.1875E-18
1652  1.6520   0.1867E-18
1653  1.6530   0.1859E-18
1654  1.6540   0.1850E-18
1655  1.6550   0.1842E-18
1656  1.6560   0.1834E-18
1657  1.6570   0.1826E-18
1658  1.6580   0.1818E-18
1659  1.6590   0.1810E-18
1660  1.6600   0.1802E-18
1661  1.6610   0.1794E-18
1662  1.6620   0.1786E-18
1663  1.6630   0.1778E-18
1664  1.6640   0.1771E-18
1665  1.6650   0.1763E-18
1666  1.6660   0.1755E-18
1667  1.6670   0.1747E-18
1668  1.6680   0.1739E-18
1669  1.6690   0.1731E-18
1670  1.6700   0.1724E-18
1671  1.6710   0.1716E-18
1672  1.6720   0.1708E-18
1673  1.6730   0.1700E-18
1674  1.6740   0.1693E-18
1675  1.6750   0.1685E-18
1676  1.6760   0.1677E-18
1677  1.6770   0.1670E-18
1678  1.6780   0.1662E-18
1679  1.6790   0.1654E-18
1680  1.6800   0.1647E-18
1681  1.6810   0.1639E-18
1682  1.6820   0.1632E-18
1683  1.6830   0.1624E-18
1684  1.6840   0.1617E-18
1685  1.6850   0.1609E-18
1686  1.6860   0.1602E-18
1687  1.6870   0.1594E-18
1688  1.6880   0.1587E-18
1689  1.6890   0.1579E-18
1690  1.6900   0.1572E-18
1691  1.6910   0.1565E-18
1692  1.6920   0.1557E-18
1693  1.6930   0.1550E-18
1694  1.6940   0.1543E-18
1695  1.6950   0.1535E-18
1696  1.6960   0.1528E-18
1697  1.6970   0.1521E-18
1698  1.6980   0.1514E-18
1699  1.6990   0.1507E-18
1700  1.7000   0.1499E-18
1701  1.7010   0.1492E-18
1702  1.7020   0.1485E-18
1703  1.7030   0.1478E-18
1704  1.7040   0.1471E-18
1705  1.7050   0.1464E-18
1706  1.7060   0.1457E-18
1707  1.7070   0.1450E-18
1708  1.7080   0.1443E-18
1709  1.7090   0.1436E-18
1710  1.7100   0.1429E-18
1711  1.7110   0.1422E-18
1712  1.7120   0.1415E-18
1713  1.7130   0.1408E-18
1714  1.7140   0.1401E-18
1715  1.7150   0.1394E-18
1716  1.7160   0.1387E-18
1717  1.7170   0.1380E-18
1718  1.7180   0.1373E-18
1719  1.7190   0.1367E-18
1720  1.7200   0.1360E-18
1721  1.7210   0.1353E-18
1722  1.7220   0.1346E-18
1723  1.7230   0.1340E-18
1724  1.7240   0.1333E-18
1725  1.7250   0.1326E-18
1726  1.7260   0.1320E-18
1727  1.7270   0.1313E-18
1728  1.7280   0.1306E-18
1729  1.7290   0.1300E-18
1730  1.7300   0.1293E-18
1731  1.7310   0.1287E-18
1732  1.7320   0.1280E-18
1733  1.7330   0.1274E-18
1734  1.7340   0.1267E-18
1735  1.7350   0.1261E-18
1736  1.7360   0.1254E-18
1737  1.7370   0.1248E-18
1738  1.7380   0.1241E-18
1739  1.7390   0.1235E-18
1740  1.7400   0.1228E-18
1741  1.7410   0.1222E-18
1742  1.7420   0.1216E-18
1743  1.7430   0.1209E-18
1744  1.7440   0.1203E-18
1745  1.7450   0.1197E-18
1746  1.7460   0.1191E-18
1747  1.7470   0.1184E-18
1748  1.7480   0.1178E-18
1749  1.7490   0.1172E-18
1750  1.7500   0.1166E-18
1751  1.7510   0.1160E-18
1752  1.7520   0.1154E-18
1753  1.7530   0.1147E-18
1754  1.7540   0.1141E-18
1755  1.7550   0.1135E-18
1756  1.7560   0.1129E-18
1757  1.7570   0.1123E-18
1758  1.7580   0.1117E-18
1759  1.7590   0.1111E-18
1760  1.7600   0.1105E-18
1761  1.7610   0.1099E-18
1762  1.7620   0.1093E-18
1763  1.7630   0.1087E-18
1764  1.7640   0.1081E-18
1765  1.7650   0.1076E-18
1766  1.7660   0.1070E-18
1767  1.7670   0.1064E-18
1768  1.7680   0.1058E-18
1769  1.7690   0.1052E-18
1770  1.7700   0.1046E-18
1771  1.7710   0.1041E-18
1772  1.7720   0.1035E-18
1773  1.7730   0.1029E-18
1774  1.7740   0.1024E-18
1775  1.7750   0.1018E-18
1776  1.7760   0.1012E-18
1777  1.7770   0.1007E-18
1778  1.7780   0.1001E-18
1779  1.7790   0.9954E-19
1780  1.7800   0.9898E-19
1781  1.7810   0.9842E-19
1782  1.7820   0.9787E-19
1783  1.7830   0.9732E-19
1784  1.7840   0.9677E-19
1785  1.7850   0.9622E-19
1786  1.7860   0.9567E-19
1787  1.7870   0.9513E-19
1788  1.7880   0.9459E-19
1789  1.7890   0.9405E-19
1790  1.7900   0.9351E-19
1791  1.7910   0.9298E-19
1792  1.7920   0.9244E-19
1793  1.7930   0.9191E-19
1794  1.7940   0.9138E-19
1795  1.7950   0.9085E-19
1796  1.7960   0.9032E-19
1797  1.7970   0.8980E-19
1798  1.7980   0.8928E-19
1799  1.7990   0.8876E-19
1800  1.8000   0.8824E-19
1801  1.8010   0.8772E-19
1802  1.8020   0.8721E-19
1803  1.8030   0.8670E-19
1804  1.8040   0.8619E-19
1805  1.8050   0.8568E-19
1806  1.8060   0.8517E-19
1807  1.8070   0.8466E-19
1808  1.8080   0.8416E-19
1809  1.8090   0.8366E-19
1810  1.8100   0.8316E-19
1811  1.8110   0.8267E-19
1812  1.8120   0.8217E-19
1813  1.8130   0.8168E-19
1814  1.8140   0.8119E-19
1815  1.8150   0.8070E-19
1816  1.8160   0.8021E-19
1817  1.8170   0.7972E-19
1818  1.8180   0.7924E-19
1819  1.8190   0.7876E-19
1820  1.8200   0.7828E-19
1821  1.8210   0.7780E-19
1822  1.8220   0.7732E-19
1823  1.8230   0.7685E-19
1824  1.8240   0.7638E-19
1825  1.8250   0.7591E-19
1826  1.8260   0.7544E-19
1827  1.8270   0.7497E-19
1828  1.8280   0.7451E-19
1829  1.8290   0.7405E-19
1830  1.8300   0.7359E-19
1831  1.8310   0.7313E-19
1832  1.8320   0.7267E-19
1833  1.8330   0.7221E-19
1834  1.8340   0.7176E-19
1835  1.8350   0.7131E-19
1836  1.8360   0.7086E-19
1837  1.8370   0.7041E-19
1838  1.8380   0.6997E-19
1839  1.8390   0.6952E-19
1840  1.8400   0.6908E-19
1841  1.8410   0.6864E-19
1842  1.8420   0.6820E-19
1843  1.8430   0.6777E-19
1844  1.8440   0.6733E-19
1845  1.8450   0.6690E-19
1846  1.8460   0.6647E-19
1847  1.8470   0.6604E-19
1848  1.8480   0.6561E-19
1849  1.8490   0.6519E-19
1850  1.8500   0.6476E-19
1851  1.8510   0.6434E-19
1852  1.8520   0.6392E-19
1853  1.8530   0.6350E-19
1854  1.8540   0.6309E-19
1855  1.8550   0.6267E-19
1856  1.8560   0.6226E-19
1857  1.8570   0.6185E-19
1858  1.8580   0.6144E-19
1859  1.8590   0.6103E-19
1860  1.8600   0.6063E-19
1861  1.8610   0.6023E-19
1862  1.8620   0.5982E-19
1863  1.8630   0.5942E-19
1864  1.8640   0.5903E-19
1865  1.8650   0.5863E-19
1866  1.8660   0.5824E-19
1867  1.8670   0.5784E-19
1868  1.8680   0.5745E-19
1869  1.8690   0.5706E-19
1870  1.8700   0.5668E-19
1871  1.8710   0.5629E-19
1872  1.8720   0.5591E-19
1873  1.8730   0.5552E-19
1874  1.8740   0.5514E-19
1875  1.8750   0.5477E-19
1876  1.8760   0.5439E-19
1877  1.8770   0.5401E-19
1878  1.8780   0.5364E-19
1879  1.8790   0.5327E-19
1880  1.8800   0.5290E-19
1881  1.8810   0.5253E-19
1882  1.8820   0.5217E-19
1883  1.8830   0.5180E-19
1884  1.8840   0.5144E-19
1885  1.8850   0.5108E-19
1886  1.8860   0.5072E-19
1887  1.8870   0.5036E-19
1888  1.8880   0.5000E-19
1889  1.8890   0.4965E-19
1890  1.8900   0.4930E-19
1891  1.8910   0.4895E-19
1892  1.8920   0.4860E-19
1893  1.8930   0.4825E-19
1894  1.8940   0.4791E-19
1895  1.8950   0.4756E-19
1896  1.8960   0.4722E-19
1897  1.8970   0.4688E-19
1898  1.8980   0.4654E-19
1899  1.8990   0.4620E-19
1900  1.9000   0.4587E-19
1901  1.9010   0.4553E-19
1902  1.9020   0.4520E-19
1903  1.9030   0.4487E-19
1904  1.9040   0.4454E-19
1905  1.9050   0.4422E-19
1906  1.9060   0.4389E-19
1907  1.9070   0.4357E-19
1908  1.9080   0.4324E-19
1909  1.9090   0.4292E-19
1910  1.9100   0.4260E-19
1911  1.9110   0.4229E-19
1912  1.9120   0.4197E-19
1913  1.9130   0.4166E-19
1914  1.9140   0.4135E-19
1915  1.9150   0.4103E-19
1916  1.9160   0.4073E-19
1917  1.9170   0.4042E-19
1918  1.9180   0.4011E-19
1919  1.9190   0.3981E-19
1920  1.9200   0.3950E-19
1921  1.9210   0.3920E-19
1922  1.9220   0.3890E-19
1923  1.9230   0.3861E-19
1924  1.9240   0.3831E-19
1925  1.9250   0.3802E-19
1926  1.9260   0.3772E-19
1927  1.9270   0.3743E-19
1928  1.9280   0.3714E-19
1929  1.9290   0.3685E-19
1930  1.9300   0.3657E-19
1931  1.9310   0.3628E-19
1932  1.9320   0.3600E-19
1933  1.9330   0.3571E-19
1934  1.9340   0.3543E-19
1935  1.9350   0.3515E-19
1936  1.9360   0.3488E-19
1937  1.9370   0.3460E-19
1938  1.9380   0.3433E-19
1939  1.9390   0.3405E-19
1940  1.9400   0.3378E-19
1941  1.9410   0.3351E-19
1942  1.9420   0.3324E-19
1943  1.9430   0.3298E-19
1944  1.9440   0.3271E-19
1945  1.9450   0.3245E-19
1946  1.9460   0.3218E-19
1947  1.9470   0.3192E-19
1948  1.9480   0.3166E-19
1949  1.9490   0.3141E-19
1950  1.9500   0.3115E-19
1951  1.9510   0.3089E-19
1952  1.9520   0.3064E-19
1953  1.9530   0.3039E-19
1954  1.9540   0.3014E-19
1955  1.9550   0.2989E-19
1956  1.9560   0.2964E-19
1957  1.9570   0.2939E-19
1958  1.9580   0.2915E-19
1959  1.9590   0.2891E-19
1960  1.9600   0.2866E-19
1961  1.9610   0.2842E-19
1962  1.9620   0.2819E-19
1963  1.9630   0.2795E-19
1964  1.9640   0.2771E-19
1965  1.9650   0.2748E-19
1966  1.9660   0.2724E-19
1967  1.9670   0.2701E-19
1968  1.9680   0.2678E-19
1969  1.9690   0.2655E-19
1970  1.9700   0.2632E-19
1971  1.9710   0.2610E-19
1972  1.9720   0.2587E-19
1973  1.9730   0.2565E-19
1974  1.9740   0.2543E-19
1975  1.9750   0.2521E-19
1976  1.9760   0.2499E-19
1977  1.9770   0.2477E-19
1978  1.9780   0.2455E-19
1979  1.9790   0.2434E-19
1980  1.9800   0.2412E-19
1981  1.9810   0.2391E-19
1982  1.9820   0.2370E-19
1983  1.9830   0.2349E-19
1984  1.9840   0.2328E-19
1985  1.9850   0.2307E-19
1986  1.9860   0.2286E-19
1987  1.9870   0.2266E-19
1988  1.9880   0.2246E-19
1989  1.9890   0.2225E-19
1990  1.9900   0.2205E-19
1991  1.9910   0.2185E-19
1992  1.9920   0.2166E-19
1993  1.9930   0.2146E-19
1994  1.9940   0.2126E-19
1995  1.9950   0.2107E-19
1996  1.9960   0.2088E-19
1997  1.9970   0.2068E-19
1998  1.9980   0.2049E-19
1999  1.9990   0.2030E-19
2000  2.0000   0.2012E-19
2001  2.0010   0.1993E-19
2002  2.0020   0.1974E-19
2003  2.0030   0.1956E-19
2004  2.0040   0.1938E-19
2005  2.0050   0.1919E-19
2006  2.0060   0.1901E-19
2007  2.0070   0.1883E-19
2008  2.0080   0.1866E-19
2009  2.0090   0.1848E-19
2010  2.0100   0.1830E-19
2011  2.0110   0.1813E-19
2012  2.0120   0.1796E-19
2013  2.0130   0.1778E-19
2014  2.0140   0.1761E-19
2015  2.0150   0.1744E-19
2016  2.0160   0.1727E-19
2017  2.0170   0.1711E-19
2018  2.0180   0.1694E-19
2019  2.0190   0.1678E-19
2020  2.0200   0.1661E-19
2021  2.0210   0.1645E-19
2022  2.0220   0.1629E-19
2023  2.0230   0.1613E-19
2024  2.0240   0.1597E-19
2025  2.0250   0.1581E-19
2026  2.0260   0.1565E-19
2027  2.0270   0.1550E-19
2028  2.0280   0.1534E-19
2029  2.0290   0.1519E-19
2030  2.0300   0.1504E-19
2031  2.0310   0.1489E-19
2032  2.0320   0.1474E-19
2033  2.0330   0.1459E-19
2034  2.0340   0.1444E-19
2035  2.0350   0.1429E-19
2036  2.0360   0.1415E-19
2037  2.0370   0.1400E-19
2038  2.0380   0.1386E-19
2039  2.0390   0.1371E-19
2040  2.0400   0.1357E-19
2041  2.0410   0.1343E-19
2042  2.0420   0.1329E-19
2043  2.0430   0.1315E-19
2044  2.0440   0.1302E-19
2045  2.0450   0.1288E-19
2046  2.0460   0.1275E-19
2047  2.0470   0.1261E-19
2048  2.0480   0.1248E-19
2049  2.0490   0.1235E-19
2050  2.0500   0.1222E-19
2051  2.0510   0.1209E-19
2052  2.0520   0.1196E-19
2053  2.0530   0.1183E-19
2054  2.0540   0.1170E-19
2055  2.0550   0.1158E-19
2056  2.0560   0.1145E-19
2057  2.0570   0.1133E-19
2058  2.0580   0.1120E-19
2059  2.0590   0.1108E-19
2060  2.0600   0.1096E-19
2061  2.0610   0.1084E-19
2062  2.0620   0.1072E-19
2063  2.0630   0.1060E-19
2064  2.0640   0.1049E-19
2065  2.0650   0.1037E-19
2066  2.0660   0.1025E-19
2067  2.0670   0.1014E-19
2068  2.0680   0.1003E-19
2069  2.0690   0.9914E-20
2070  2.0700   0.9803E-20
2071  2.0710   0.9692E-20
2072  2.0720   0.9582E-20
2073  2.0730   0.9474E-20
2074  2.0740   0.9366E-20
2075  2.0750   0.9259E-20
2076  2.0760   0.9153E-20
2077  2.0770   0.9048E-20
2078  2.0780   0.8943E-20
2079  2.0790   0.8840E-20
2080  2.0800   0.8738E-20
2081  2.0810   0.8636E-20
2082  2.0820   0.8535E-20
2083  2.0830   0.8435E-20
2084  2.0840   0.8337E-20
2085  2.0850   0.8238E-20
2086  2.0860   0.8141E-20
2087  2.0870   0.8045E-20
2088  2.0880   0.7949E-20
2089  2.0890   0.7854E-20
2090  2.0900   0.7761E-20
2091  2.0910   0.7668E-20
2092  2.0920   0.7575E-20
2093  2.0930   0.7484E-20
2094  2.0940   0.7393E-20
2095  2.0950   0.7304E-20
2096  2.0960   0.7215E-20
2097  2.0970   0.7127E-20
2098  2.0980   0.7039E-20
2099  2.0990   0.6953E-20
2100  2.1000   0.6867E-20
2101  2.1010   0.6782E-20
2102  2.1020   0.6698E-20
2103  2.1030   0.6614E-20
2104  2.1040   0.6532E-20
2105  2.1050   0.6450E-20
2106  2.1060   0.6369E-20
2107  2.1070   0.6289E-20
2108  2.1080   0.6209E-20
2109  2.1090   0.6130E-20
2110  2.1100   0.6052E-20
2111  2.1110   0.5975E-20
2112  2.1120   0.5898E-20
2113  2.1130   0.5823E-20
2114  2.1140   0.5747E-20
2115  2.1150   0.5673E-20
2116  2.1160   0.5599E-20
2117  2.1170   0.5526E-20
2118  2.1180   0.5454E-20
2119  2.1190   0.5383E-20
2120  2.1200   0.5312E-20
2121  2.1210   0.5242E-20
2122  2.1220   0.5172E-20
2123  2.1230   0.5104E-20
2124  2.1240   0.5036E-20
2125  2.1250   0.4968E-20
2126  2.1260   0.4901E-20
2127  2.1270   0.4835E-20
2128  2.1280   0.4770E-20
2129  2.1290   0.4705E-20
2130  2.1300   0.4641E-20
2131  2.1310   0.4578E-20
2132  2.1320   0.4515E-20
2133  2.1330   0.4453E-20
2134  2.1340   0.4392E-20
2135  2.1350   0.4331E-20
2136  2.1360   0.4271E-20
2137  2.1370   0.4211E-20
2138  2.1380   0.4152E-20
2139  2.1390   0.4094E-20
2140  2.1400   0.4036E-20
2141  2.1410   0.3979E-20
2142  2.1420   0.3923E-20
2143  2.1430   0.3867E-20
2144  2.1440   0.3812E-20
2145  2.1450   0.3757E-20
2146  2.1460   0.3703E-20
2147  2.1470   0.3650E-20
2148  2.1480   0.3597E-20
2149  2.1490   0.3545E-20
2150  2.1500   0.3493E-20
2151  2.1510   0.3442E-20
2152  2.1520   0.3391E-20
2153  2.1530   0.3341E-20
2154  2.1540   0.3292E-20
2155  2.1550   0.3243E-20
2156  2.1560   0.3194E-20
2157  2.1570   0.3147E-20
2158  2.1580   0.3099E-20
2159  2.1590   0.3053E-20
2160  2.1600   0.3006E-20
2161  2.1610   0.2961E-20
2162  2.1620   0.2916E-20
2163  2.1630   0.2871E-20
2164  2.1640   0.2827E-20
2165  2.1650   0.2783E-20
2166  2.1660   0.2740E-20
2167  2.1670   0.2698E-20
2168  2.1680   0.2656E-20
2169  2.1690   0.2614E-20
2170  2.1700   0.2573E-20
2171  2.1710   0.2532E-20
2172  2.1720   0.2492E-20
2173  2.1730   0.2453E-20
2174  2.1740   0.2414E-20
2175  2.1750   0.2375E-20
2176  2.1760   0.2337E-20
2177  2.1770   0.2299E-20
2178  2.1780   0.2262E-20
2179  2.1790   0.2225E-20
2180  2.1800   0.2189E-20
2181  2.1810   0.2153E-20
2182  2.1820   0.2117E-20
2183  2.1830   0.2082E-20
2184  2.1840   0.2048E-20
2185  2.1850   0.2014E-20
2186  2.1860   0.1980E-20
2187  2.1870   0.1947E-20
2188  2.1880   0.1914E-20
2189  2.1890   0.1882E-20
2190  2.1900   0.1850E-20
2191  2.1910   0.1818E-20
2192  2.1920   0.1787E-20
2193  2.1930   0.1756E-20
2194  2.1940   0.1726E-20
2195  2.1950   0.1696E-20
2196  2.1960   0.1666E-20
2197  2.1970   0.1637E-20
2198  2.1980   0.1609E-20
2199  2.1990   0.1580E-20
2200  2.2000   0.1552E-20
2201  2.2010   0.1525E-20
2202  2.2020   0.1497E-20
2203  2.2030   0.1471E-20
2204  2.2040   0.1444E-20
2205  2.2050   0.1418E-20
2206  2.2060   0.1392E-20
2207  2.2070   0.1367E-20
2208  2.2080   0.1342E-20
2209  2.2090   0.1317E-20
2210  2.2100   0.1293E-20
2211  2.2110   0.1269E-20
2212  2.2120   0.1245E-20
2213  2.2130   0.1222E-20
2214  2.2140   0.1199E-20
2215  2.2150   0.1176E-20
2216  2.2160   0.1154E-20
2217  2.2170   0.1132E-20
2218  2.2180   0.1110E-20
2219  2.2190   0.1089E-20
2220  2.2200   0.1068E-20
2221  2.2210   0.1047E-20
2222  2.2220   0.1027E-20
2223  2.2230   0.1007E-20
2224  2.2240   0.9869E-21
2225  2.2250   0.9674E-21
2226  2.2260   0.9482E-21
2227  2.2270   0.9293E-21
2228  2.2280   0.9107E-21
2229  2.2290   0.8924E-21
2230  2.2300   0.8743E-21
2231  2.2310   0.8566E-21
2232  2.2320   0.8391E-21
2233  2.2330   0.8219E-21
2234  2.2340   0.8049E-21
2235  2.2350   0.7883E-21
2236  2.2360   0.7719E-21
2237  2.2370   0.7558E-21
2238  2.2380   0.7399E-21
2239  2.2390   0.7243E-21
2240  2.2400   0.7089E-21
2241  2.2410   0.6938E-21
2242  2.2420   0.6790E-21
2243  2.2430   0.6644E-21
2244  2.2440   0.6500E-21
2245  2.2450   0.6359E-21
2246  2.2460   0.6220E-21
2247  2.2470   0.6083E-21
2248  2.2480   0.5949E-21
2249  2.2490   0.5817E-21
2250  2.2500   0.5688E-21
2251  2.2510   0.5560E-21
2252  2.2520   0.5435E-21
2253  2.2530   0.5312E-21
2254  2.2540   0.5191E-21
2255  2.2550   0.5072E-21
2256  2.2560   0.4956E-21
2257  2.2570   0.4841E-21
2258  2.2580   0.4729E-21
2259  2.2590   0.4619E-21
2260  2.2600   0.4510E-21
2261  2.2610   0.4404E-21
2262  2.2620   0.4299E-21
2263  2.2630   0.4197E-21
2264  2.2640   0.4096E-21
2265  2.2650   0.3997E-21
2266  2.2660   0.3900E-21
2267  2.2670   0.3805E-21
2268  2.2680   0.3712E-21
2269  2.2690   0.3621E-21
2270  2.2700   0.3531E-21
2271  2.2710   0.3443E-21
2272  2.2720   0.3357E-21
2273  2.2730   0.3272E-21
2274  2.2740   0.3189E-21
2275  2.2750   0.3108E-21
2276  2.2760   0.3028E-21
2277  2.2770   0.2950E-21
2278  2.2780   0.2874E-21
2279  2.2790   0.2799E-21
2280  2.2800   0.2725E-21
2281  2.2810   0.2653E-21
2282  2.2820   0.2583E-21
2283  2.2830   0.2514E-21
2284  2.2840   0.2446E-21
2285  2.2850   0.2380E-21
2286  2.2860   0.2315E-21
2287  2.2870   0.2252E-21
2288  2.2880   0.2190E-21
2289  2.2890   0.2130E-21
2290  2.2900   0.2070E-21
2291  2.2910   0.2012E-21
2292  2.2920   0.1955E-21
2293  2.2930   0.1900E-21
2294  2.2940   0.1846E-21
2295  2.2950   0.1793E-21
2296  2.2960   0.1741E-21
2297  2.2970   0.1690E-21
2298  2.2980   0.1640E-21
2299  2.2990   0.1592E-21
2300  2.3000   0.1545E-21
2301  2.3010   0.1499E-21
2302  2.3020   0.1454E-21
2303  2.3030   0.1410E-21
2304  2.3040   0.1367E-21
2305  2.3050   0.1325E-21
2306  2.3060   0.1284E-21
2307  2.3070   0.1244E-21
2308  2.3080   0.1205E-21
2309  2.3090   0.1167E-21
2310  2.3100   0.1130E-21
2311  2.3110   0.1094E-21
2312  2.3120   0.1058E-21
2313  2.3130   0.1024E-21
2314  2.3140   0.9906E-22
2315  2.3150   0.9580E-22
2316  2.3160   0.9263E-22
2317  2.3170   0.8954E-22
2318  2.3180   0.8653E-22
2319  2.3190   0.8360E-22
2320  2.3200   0.8074E-22
2321  2.3210   0.7797E-22
2322  2.3220   0.7527E-22
2323  2.3230   0.7264E-22
2324  2.3240   0.7009E-22
2325  2.3250   0.6760E-22
2326  2.3260   0.6519E-22
2327  2.3270   0.6285E-22
2328  2.3280   0.6057E-22
2329  2.3290   0.5835E-22
2330  2.3300   0.5620E-22
2331  2.3310   0.5412E-22
2332  2.3320   0.5209E-22
2333  2.3330   0.5012E-22
2334  2.3340   0.4822E-22
2335  2.3350   0.4637E-22
2336  2.3360   0.4457E-22
2337  2.3370   0.4283E-22
2338  2.3380   0.4115E-22
2339  2.3390   0.3952E-22
2340  2.3400   0.3794E-22
2341  2.3410   0.3641E-22
2342  2.3420   0.3492E-22
2343  2.3430   0.3349E-22
2344  2.3440   0.3210E-22
2345  2.3450   0.3076E-22
2346  2.3460   0.2946E-22
2347  2.3470   0.2821E-22
2348  2.3480   0.2700E-22
2349  2.3490   0.2583E-22
2350  2.3500   0.2470E-22
2351  2.3510   0.2361E-22
2352  2.3520   0.2255E-22
2353  2.3530   0.2154E-22
2354  2.3540   0.2056E-22
2355  2.3550   0.1962E-22
2356  2.3560   0.1871E-22
2357  2.3570   0.1783E-22
2358  2.3580   0.1699E-22
2359  2.3590   0.1618E-22
2360  2.3600   0.1540E-22
2361  2.3610   0.1465E-22
2362  2.3620   0.1393E-22
2363  2.3630   0.1323E-22
2364  2.3640   0.1257E-22
2365  2.3650   0.1193E-22
2366  2.3660   0.1132E-22
2367  2.3670   0.1073E-22
2368  2.3680   0.1016E-22
2369  2.3690   0.9625E-23
2370  2.3700   0.9108E-23
2371  2.3710   0.8613E-23
2372  2.3720   0.8140E-23
2373  2.3730   0.7687E-23
2374  2.3740   0.7255E-23
2375  2.3750   0.6842E-23
2376  2.3760   0.6448E-23
2377  2.3770   0.6072E-23
2378  2.3780   0.5714E-23
2379  2.3790   0.5372E-23
2380  2.3800   0.5047E-23
2381  2.3810   0.4738E-23
2382  2.3820   0.4443E-23
2383  2.3830   0.4164E-23
2384  2.3840   0.3899E-23
2385  2.3850   0.3647E-23
2386  2.3860   0.3408E-23
2387  2.3870   0.3182E-23
2388  2.3880   0.2967E-23
2389  2.3890   0.2765E-23
2390  2.3900   0.2573E-23
2391  2.3910   0.2392E-23
2392  2.3920   0.2222E-23
2393  2.3930   0.2061E-23
2394  2.3940   0.1910E-23
2395  2.3950   0.1767E-23
2396  2.3960   0.1633E-23
2397  2.3970   0.1507E-23
2398  2.3980   0.1389E-23
2399  2.3990   0.1279E-23
2400  2.4000   0.1175E-23
2401  2.4010   0.1079E-23
2402  2.4020   0.9885E-24
2403  2.4030   0.9044E-24
2404  2.4040   0.8260E-24
2405  2.4050   0.7531E-24
2406  2.4060   0.6854E-24
2407  2.4070   0.6227E-24
2408  2.4080   0.5646E-24
2409  2.4090   0.5109E-24
2410  2.4100   0.4613E-24
2411  2.4110   0.4156E-24
2412  2.4120   0.3736E-24
2413  2.4130   0.3351E-24
2414  2.4140   0.2997E-24
2415  2.4150   0.2674E-24
2416  2.4160   0.2380E-24
2417  2.4170   0.2112E-24
2418  2.4180   0.1868E-24
2419  2.4190   0.1647E-24
2420  2.4200   0.1448E-24
2421  2.4210   0.1268E-24
2422  2.4220   0.1106E-24
2423  2.4230   0.9618E-25
2424  2.4240   0.8326E-25
2425  2.4250   0.7176E-25
2426  2.4260   0.6156E-25
2427  2.4270   0.5255E-25
2428  2.4280   0.4462E-25
2429  2.4290   0.3768E-25
2430  2.4300   0.3163E-25
2431  2.4310   0.2638E-25
2432  2.4320   0.2184E-25
2433  2.4330   0.1796E-25
2434  2.4340   0.1464E-25
2435  2.4350   0.1183E-25
2436  2.4360   0.9471E-26
2437  2.4370   0.7502E-26
2438  2.4380   0.5874E-26
2439  2.4390   0.4541E-26
2440  2.4400   0.3462E-26
2441  2.4410   0.2597E-26
2442  2.4420   0.1915E-26
2443  2.4430   0.1384E-26
2444  2.4440   0.9773E-27
2445  2.4450   0.6725E-27
2446  2.4460   0.4488E-27
2447  2.4470   0.2890E-27
2448  2.4480   0.1783E-27
2449  2.4490   0.1044E-27
2450  2.4500   0.5736E-28
2451  2.4510   0.2902E-28
2452  2.4520   0.1317E-28
2453  2.4530   0.5154E-29
2454  2.4540   0.1621E-29
2455  2.4550   0.3591E-30
2456  2.4560   0.4057E-31
2457  2.4570   0.0000E+00
